0.00E+00							0.00E+00
5.00E+00							-0.00E+00
1.10E+01							-0.00E+00
1.60E+01							-0.00E+00
2.20E+01							-0.00E+00
2.70E+01							-0.00E+00
3.20E+01							-0.00E+00
3.80E+01							-0.00E+00
4.30E+01							-0.00E+00
4.80E+01							-0.00E+00
5.40E+01							-0.00E+00
6.00E+01							-0.00E+00
6.50E+01							-0.00E+00
7.00E+01							-0.00E+00
7.50E+01							-0.00E+00
8.10E+01							-0.00E+00
8.70E+01							-0.00E+00
9.20E+01							-0.00E+00
9.70E+01							-0.00E+00
1.02E+02							-0.00E+00
1.07E+02							-1.60E-06
1.15E+02							-7.37E-06
1.22E+02							-1.26E-05
1.28E+02							-1.23E-05
1.33E+02							-1.58E-05
1.39E+02							-1.15E-05
1.44E+02							-1.02E-05
1.49E+02							-1.28E-05
1.54E+02							-1.38E-05
1.59E+02							-1.32E-05
1.65E+02							-1.08E-05
1.70E+02							-1.50E-05
1.75E+02							-1.46E-05
1.81E+02							-1.20E-05
1.86E+02							-1.44E-05
1.91E+02							-1.74E-05
1.96E+02							-1.20E-05
2.02E+02							-1.30E-05
2.07E+02							-1.90E-05
2.13E+02							-1.22E-05
2.18E+02							-1.60E-05
2.23E+02							-1.52E-05
2.28E+02							-1.56E-05
2.34E+02							-1.23E-05
2.39E+02							-1.38E-05
2.44E+02							-1.40E-05
2.50E+02							-1.03E-05
2.55E+02							-1.88E-05
2.60E+02							-1.54E-05
2.65E+02							-1.26E-05
2.70E+02							-1.64E-05
2.76E+02							-1.33E-05
2.81E+02							-1.82E-05
2.86E+02							-1.60E-05
2.92E+02							-1.00E-05
2.97E+02							-1.64E-05
3.02E+02							-1.54E-05
3.07E+02							-1.58E-05
3.13E+02							-1.28E-05
3.18E+02							-1.64E-05
3.23E+02							-1.60E-05
3.28E+02							-1.60E-05
3.34E+02							-1.30E-05
3.39E+02							-2.00E-05
3.45E+02							-1.37E-05
3.50E+02							-1.58E-05
3.55E+02							-1.58E-05
3.60E+02							-1.62E-05
3.66E+02							-1.32E-05
3.71E+02							-1.72E-05
3.76E+02							-1.22E-05
3.82E+02							-1.30E-05
3.87E+02							-1.96E-05
3.92E+02							-1.62E-05
3.97E+02							-1.56E-05
4.02E+02							-1.56E-05
4.08E+02							-1.35E-05
4.13E+02							-1.24E-05
4.18E+02							-1.88E-05
4.24E+02							-1.27E-05
4.29E+02							-1.60E-05
4.35E+02							-1.30E-05
4.40E+02							-1.54E-05
4.45E+02							-1.60E-05
4.51E+02							-1.28E-05
4.57E+02							-1.32E-05
4.62E+02							-1.76E-05
4.69E+02							-1.13E-05
4.74E+02							-1.52E-05
4.80E+02							-1.07E-05
4.85E+02							-1.68E-05
4.90E+02							-1.60E-05
4.96E+02							-9.83E-06
5.02E+02							-1.32E-05
5.07E+02							-1.96E-05
5.12E+02							-1.52E-05
5.18E+02							-1.35E-05
5.24E+02							-1.65E-05
5.29E+02							-1.62E-05
5.34E+02							-1.60E-05
5.39E+02							-1.72E-05
5.45E+02							-1.30E-05
5.50E+02							-1.64E-05
5.56E+02							-1.33E-05
5.61E+02							-1.56E-05
5.66E+02							-1.54E-05
5.72E+02							-1.38E-05
5.77E+02							-1.74E-05
5.82E+02							-1.66E-05
5.88E+02							-1.30E-05
5.93E+02							-1.62E-05
5.98E+02							-1.62E-05
6.04E+02							-1.38E-05
6.09E+02							-1.66E-05
6.15E+02							-1.52E-05
6.21E+02							-1.38E-05
6.26E+02							-1.66E-05
6.31E+02							-1.54E-05
6.36E+02							-1.82E-05
6.43E+02							-1.17E-05
6.48E+02							-1.64E-05
6.53E+02							-1.64E-05
6.60E+02							-1.17E-05
6.65E+02							-1.64E-05
6.71E+02							-1.43E-05
6.76E+02							-1.76E-05
6.81E+02							-1.64E-05
6.87E+02							-1.28E-05
6.92E+02							-1.80E-05
6.97E+02							-1.68E-05
7.03E+02							-1.33E-05
7.08E+02							-1.58E-05
7.13E+02							-1.62E-05
7.19E+02							-1.32E-05
7.24E+02							-1.50E-05
7.29E+02							-1.96E-05
7.36E+02							-1.16E-05
7.41E+02							-1.46E-05
7.47E+02							-1.63E-05
7.53E+02							-1.33E-05
7.58E+02							-1.58E-05
7.63E+02							-1.54E-05
7.68E+02							-1.54E-05
7.74E+02							-1.32E-05
7.79E+02							-1.62E-05
7.85E+02							-1.42E-05
7.90E+02							-1.64E-05
7.96E+02							-1.48E-05
8.01E+02							-1.82E-05
8.06E+02							-1.58E-05
8.12E+02							-1.40E-05
8.17E+02							-1.64E-05
8.22E+02							-1.58E-05
8.28E+02							-1.38E-05
8.33E+02							-1.72E-05
8.39E+02							-1.52E-05
8.44E+02							-1.70E-05
8.49E+02							-1.62E-05
8.55E+02							-1.13E-05
8.60E+02							-2.02E-05
8.65E+02							-1.58E-05
8.71E+02							-1.28E-05
8.76E+02							-1.68E-05
8.82E+02							-1.38E-05
8.89E+02							-1.19E-05
8.94E+02							-2.10E-05
8.99E+02							-1.56E-05
9.06E+02							-1.34E-05
9.11E+02							-2.12E-05
9.16E+02							-1.56E-05
9.22E+02							-1.37E-05
9.27E+02							-1.62E-05
9.33E+02							-1.38E-05
9.38E+02							-1.62E-05
9.43E+02							-1.74E-05
9.49E+02							-1.42E-05
9.54E+02							-1.54E-05
9.59E+02							-1.68E-05
9.65E+02							-1.40E-05
9.70E+02							-1.60E-05
9.75E+02							-1.54E-05
9.80E+02							-1.66E-05
9.85E+02							-1.62E-05
9.91E+02							-1.37E-05
9.96E+02							-1.66E-05
1.00E+03							-1.07E-05
1.01E+03							-2.04E-05
1.01E+03							-1.56E-05
1.02E+03							-1.25E-05
1.03E+03							-1.19E-05
1.03E+03							-1.60E-05
1.04E+03							-1.40E-05
1.04E+03							-1.62E-05
1.05E+03							-1.32E-05
1.05E+03							-1.94E-05
1.06E+03							-1.32E-05
1.06E+03							-1.62E-05
1.07E+03							-1.14E-05
1.07E+03							-1.55E-05
1.08E+03							-1.92E-05
1.08E+03							-1.62E-05
1.09E+03							-1.28E-05
1.10E+03							-1.60E-05
1.10E+03							-1.64E-05
1.11E+03							-1.32E-05
1.11E+03							-1.72E-05
1.12E+03							-1.48E-05
1.12E+03							-1.66E-05
1.13E+03							-1.40E-05
1.13E+03							-1.40E-05
1.14E+03							-1.40E-05
1.15E+03							-1.72E-05
1.15E+03							-1.64E-05
1.16E+03							-1.37E-05
1.16E+03							-1.66E-05
1.17E+03							-1.45E-05
1.17E+03							-1.47E-05
1.18E+03							-1.74E-05
1.19E+03							-1.38E-05
1.19E+03							-1.47E-05
1.20E+03							-2.06E-05
1.20E+03							-1.66E-05
1.21E+03							-1.15E-05
1.21E+03							-1.78E-05
1.22E+03							-1.68E-05
1.22E+03							-1.40E-05
1.23E+03							-1.68E-05
1.23E+03							-1.64E-05
1.24E+03							-1.28E-05
1.25E+03							-1.58E-05
1.25E+03							-1.33E-05
1.26E+03							-1.75E-05
1.26E+03							-1.64E-05
1.27E+03							-1.42E-05
1.27E+03							-1.72E-05
1.28E+03							-1.78E-05
1.28E+03							-1.78E-05
1.29E+03							-1.33E-05
1.30E+03							-1.56E-05
1.30E+03							-1.45E-05
1.31E+03							-1.58E-05
1.31E+03							-1.74E-05
1.32E+03							-1.43E-05
1.32E+03							-1.88E-05
1.33E+03							-1.40E-05
1.33E+03							-1.80E-05
1.34E+03							-1.32E-05
1.35E+03							-1.37E-05
1.35E+03							-1.62E-05
1.36E+03							-1.76E-05
1.36E+03							-1.42E-05
1.37E+03							-2.10E-05
1.37E+03							-1.40E-05
1.38E+03							-1.70E-05
1.38E+03							-1.86E-05
1.39E+03							-1.48E-05
1.40E+03							-1.45E-05
1.40E+03							-1.74E-05
1.41E+03							-1.47E-05
1.41E+03							-2.08E-05
1.42E+03							-1.20E-05
1.42E+03							-2.12E-05
1.43E+03							-1.42E-05
1.43E+03							-1.77E-05
1.44E+03							-1.74E-05
1.44E+03							-1.28E-05
1.45E+03							-1.70E-05
1.46E+03							-1.84E-05
1.46E+03							-1.32E-05
1.47E+03							-1.52E-05
1.47E+03							-1.68E-05
1.48E+03							-1.74E-05
1.48E+03							-1.37E-05
1.49E+03							-1.84E-05
1.49E+03							-1.48E-05
1.50E+03							-1.74E-05
1.50E+03							-1.37E-05
1.51E+03							-1.76E-05
1.51E+03							-1.64E-05
1.52E+03							-1.38E-05
1.53E+03							-1.62E-05
1.53E+03							-1.96E-05
1.54E+03							-1.32E-05
1.54E+03							-1.38E-05
1.55E+03							-1.70E-05
1.55E+03							-1.58E-05
1.56E+03							-1.37E-05
1.56E+03							-1.66E-05
1.57E+03							-1.63E-05
1.57E+03							-1.74E-05
1.58E+03							-1.68E-05
1.59E+03							-1.32E-05
1.59E+03							-1.62E-05
1.60E+03							-1.60E-05
1.60E+03							-1.54E-05
1.61E+03							-9.00E-06
1.61E+03							-1.68E-05
1.62E+03							-1.66E-05
1.63E+03							-1.38E-05
1.63E+03							-1.47E-05
1.64E+03							-1.32E-05
1.64E+03							-1.76E-05
1.65E+03							-1.88E-05
1.65E+03							-1.76E-05
1.66E+03							-1.72E-05
1.66E+03							-1.37E-05
1.67E+03							-1.74E-05
1.67E+03							-1.78E-05
1.68E+03							-1.74E-05
1.68E+03							-1.22E-05
1.69E+03							-1.76E-05
1.70E+03							-1.60E-05
1.70E+03							-1.70E-05
1.71E+03							-1.96E-05
1.71E+03							-1.53E-05
1.72E+03							-1.84E-05
1.72E+03							-1.82E-05
1.73E+03							-1.82E-05
1.73E+03							-1.78E-05
1.74E+03							-1.43E-05
1.74E+03							-1.64E-05
1.75E+03							-1.70E-05
1.75E+03							-1.52E-05
1.76E+03							-1.76E-05
1.76E+03							-1.44E-05
1.77E+03							-1.68E-05
1.78E+03							-1.35E-05
1.78E+03							-2.04E-05
1.79E+03							-1.37E-05
1.79E+03							-1.66E-05
1.80E+03							-1.16E-05
1.80E+03							-2.10E-05
1.81E+03							-1.64E-05
1.81E+03							-1.35E-05
1.82E+03							-1.64E-05
1.82E+03							-1.66E-05
1.83E+03							-1.45E-05
1.84E+03							-1.57E-05
1.84E+03							-1.72E-05
1.85E+03							-1.80E-05
1.85E+03							-1.94E-05
1.86E+03							-1.45E-05
1.86E+03							-1.66E-05
1.87E+03							-1.68E-05
1.87E+03							-1.22E-05
1.88E+03							-1.86E-05
1.88E+03							-1.70E-05
1.89E+03							-1.28E-05
1.89E+03							-1.62E-05
1.90E+03							-1.70E-05
1.91E+03							-1.25E-05
1.91E+03							-1.86E-05
1.92E+03							-1.72E-05
1.92E+03							-1.30E-05
1.93E+03							-1.32E-05
1.93E+03							-1.76E-05
1.94E+03							-1.66E-05
1.94E+03							-1.45E-05
1.95E+03							-1.76E-05
1.95E+03							-1.82E-05
1.96E+03							-1.64E-05
1.96E+03							-1.40E-05
1.97E+03							-1.62E-05
1.97E+03							-1.68E-05
1.98E+03							-1.40E-05
1.99E+03							-1.38E-05
1.99E+03							-1.70E-05
2.00E+03							-1.58E-05
2.00E+03							-1.86E-05
2.01E+03							-1.78E-05
2.01E+03							-1.13E-05
2.02E+03							-1.82E-05
2.02E+03							-1.84E-05
2.03E+03							-1.38E-05
2.03E+03							-1.68E-05
2.04E+03							-1.74E-05
2.04E+03							-1.76E-05
2.05E+03							-1.53E-05
2.06E+03							-1.80E-05
2.06E+03							-1.38E-05
2.07E+03							-1.74E-05
2.07E+03							-1.54E-05
2.08E+03							-1.37E-05
2.08E+03							-1.72E-05
2.09E+03							-1.64E-05
2.09E+03							-1.52E-05
2.10E+03							-1.42E-05
2.11E+03							-1.37E-05
2.11E+03							-1.67E-05
2.12E+03							-1.66E-05
2.12E+03							-1.45E-05
2.13E+03							-1.74E-05
2.13E+03							-1.90E-05
2.14E+03							-1.26E-05
2.14E+03							-1.60E-05
2.15E+03							-1.82E-05
2.16E+03							-1.01E-05
2.16E+03							-2.18E-05
2.17E+03							-1.78E-05
2.17E+03							-1.62E-05
2.18E+03							-1.48E-05
2.18E+03							-1.76E-05
2.19E+03							-1.23E-05
2.19E+03							-1.72E-05
2.20E+03							-1.67E-05
2.21E+03							-1.70E-05
2.21E+03							-1.66E-05
2.22E+03							-1.80E-05
2.22E+03							-1.50E-05
2.23E+03							-1.47E-05
2.23E+03							-1.82E-05
2.24E+03							-1.74E-05
2.24E+03							-1.57E-05
2.25E+03							-1.68E-05
2.25E+03							-1.68E-05
2.26E+03							-1.40E-05
2.26E+03							-1.34E-05
2.27E+03							-1.98E-05
2.28E+03							-1.20E-05
2.28E+03							-2.00E-05
2.29E+03							-1.70E-05
2.29E+03							-1.38E-05
2.30E+03							-1.80E-05
2.30E+03							-1.45E-05
2.31E+03							-1.66E-05
2.31E+03							-1.66E-05
2.32E+03							-1.42E-05
2.32E+03							-1.80E-05
2.33E+03							-1.42E-05
2.33E+03							-1.58E-05
2.34E+03							-1.14E-05
2.35E+03							-2.08E-05
2.35E+03							-1.72E-05
2.36E+03							-1.43E-05
2.36E+03							-1.48E-05
2.37E+03							-1.64E-05
2.37E+03							-2.02E-05
2.38E+03							-1.33E-05
2.38E+03							-1.62E-05
2.39E+03							-1.34E-05
2.39E+03							-1.76E-05
2.40E+03							-1.35E-05
2.41E+03							-1.72E-05
2.41E+03							-1.68E-05
2.42E+03							-1.52E-05
2.42E+03							-1.86E-05
2.43E+03							-1.50E-05
2.43E+03							-1.70E-05
2.44E+03							-1.76E-05
2.44E+03							-1.47E-05
2.45E+03							-1.82E-05
2.45E+03							-1.62E-05
2.46E+03							-1.66E-05
2.46E+03							-1.70E-05
2.47E+03							-1.64E-05
2.48E+03							-1.10E-05
2.48E+03							-2.12E-05
2.49E+03							-1.34E-05
2.49E+03							-1.40E-05
2.50E+03							-1.78E-05
2.50E+03							-1.90E-05
2.51E+03							-1.64E-05
2.51E+03							-1.35E-05
2.52E+03							-1.35E-05
2.52E+03							-1.64E-05
2.53E+03							-1.75E-05
2.53E+03							-1.20E-05
2.54E+03							-2.06E-05
2.55E+03							-1.17E-05
2.55E+03							-1.19E-05
2.56E+03							-1.76E-05
2.56E+03							-1.37E-05
2.57E+03							-1.74E-05
2.57E+03							-1.72E-05
2.58E+03							-1.68E-05
2.59E+03							-1.37E-05
2.59E+03							-1.66E-05
2.60E+03							-1.50E-05
2.60E+03							-1.68E-05
2.61E+03							-2.02E-05
2.61E+03							-1.37E-05
2.62E+03							-1.18E-05
2.62E+03							-1.90E-05
2.63E+03							-2.18E-05
2.63E+03							-1.05E-05
2.64E+03							-1.86E-05
2.64E+03							-1.50E-05
2.65E+03							-1.84E-05
2.65E+03							-1.40E-05
2.66E+03							-1.64E-05
2.67E+03							-1.37E-05
2.67E+03							-1.64E-05
2.68E+03							-1.27E-05
2.68E+03							-2.08E-05
2.69E+03							-1.70E-05
2.69E+03							-1.72E-05
2.70E+03							-1.38E-05
2.70E+03							-1.70E-05
2.71E+03							-1.68E-05
2.71E+03							-1.74E-05
2.72E+03							-1.37E-05
2.72E+03							-1.70E-05
2.73E+03							-1.38E-05
2.74E+03							-2.08E-05
2.74E+03							-1.42E-05
2.75E+03							-1.70E-05
2.75E+03							-1.74E-05
2.76E+03							-1.55E-05
2.76E+03							-1.76E-05
2.77E+03							-9.71E-06
2.77E+03							-1.40E-05
2.78E+03							-1.18E-05
2.79E+03							-1.58E-05
2.79E+03							-1.80E-05
2.80E+03							-1.35E-05
2.80E+03							-1.70E-05
2.81E+03							-1.04E-05
2.82E+03							-1.31E-05
2.82E+03							-1.92E-05
2.83E+03							-1.47E-05
2.83E+03							-1.78E-05
2.84E+03							-1.37E-05
2.84E+03							-1.78E-05
2.85E+03							-1.62E-05
2.85E+03							-1.64E-05
2.86E+03							-9.11E-06
2.87E+03							-1.48E-05
2.87E+03							-1.70E-05
2.88E+03							-1.70E-05
2.89E+03							-1.37E-05
2.89E+03							-1.64E-05
2.90E+03							-1.68E-05
2.90E+03							-1.68E-05
2.91E+03							-1.48E-05
2.91E+03							-1.74E-05
2.92E+03							-1.80E-05
2.92E+03							-1.33E-05
2.93E+03							-2.04E-05
2.93E+03							-1.42E-05
2.94E+03							-1.58E-05
2.94E+03							-1.52E-05
2.95E+03							-1.72E-05
2.95E+03							-1.80E-05
2.96E+03							-1.37E-05
2.97E+03							-1.68E-05
2.97E+03							-1.68E-05
2.98E+03							-1.66E-05
2.98E+03							-1.17E-05
2.99E+03							-1.68E-05
2.99E+03							-1.40E-05
3.00E+03							-1.60E-05
3.01E+03							-1.42E-05
3.01E+03							-1.55E-05
3.02E+03							-2.18E-05
3.02E+03							-1.37E-05
3.03E+03							-1.38E-05
3.03E+03							-2.18E-05
3.04E+03							-1.12E-05
3.04E+03							-2.14E-05
3.05E+03							-1.64E-05
3.05E+03							-1.26E-05
3.06E+03							-1.50E-05
3.06E+03							-1.72E-05
3.07E+03							-1.68E-05
3.08E+03							-1.37E-05
3.08E+03							-1.76E-05
3.09E+03							-1.66E-05
3.09E+03							-1.64E-05
3.10E+03							-1.37E-05
3.10E+03							-1.84E-05
3.11E+03							-1.52E-05
3.11E+03							-1.40E-05
3.12E+03							-1.80E-05
3.12E+03							-1.80E-05
3.13E+03							-1.45E-05
3.13E+03							-1.78E-05
3.14E+03							-1.42E-05
3.15E+03							-1.90E-05
3.15E+03							-1.64E-05
3.16E+03							-1.28E-05
3.16E+03							-1.64E-05
3.17E+03							-1.38E-05
3.17E+03							-1.66E-05
3.18E+03							-2.06E-05
3.18E+03							-1.12E-05
3.19E+03							-2.18E-05
3.19E+03							-1.40E-05
3.20E+03							-1.70E-05
3.20E+03							-1.40E-05
3.21E+03							-1.64E-05
3.21E+03							-1.84E-05
3.22E+03							-1.15E-05
3.23E+03							-2.06E-05
3.23E+03							-1.50E-05
3.24E+03							-1.76E-05
3.24E+03							-1.68E-05
3.25E+03							-2.10E-05
3.25E+03							-1.42E-05
3.26E+03							-1.50E-05
3.26E+03							-1.64E-05
3.27E+03							-1.74E-05
3.27E+03							-1.90E-05
3.28E+03							-1.82E-05
3.28E+03							-1.07E-05
3.29E+03							-1.70E-05
3.29E+03							-1.68E-05
3.30E+03							-1.70E-05
3.31E+03							-1.37E-05
3.31E+03							-1.74E-05
3.32E+03							-1.52E-05
3.32E+03							-1.40E-05
3.33E+03							-2.12E-05
3.33E+03							-1.84E-05
3.34E+03							-1.74E-05
3.34E+03							-1.12E-05
3.35E+03							-2.10E-05
3.35E+03							-1.38E-05
3.36E+03							-1.55E-05
3.37E+03							-1.38E-05
3.37E+03							-2.08E-05
3.38E+03							-1.74E-05
3.38E+03							-1.66E-05
3.39E+03							-1.17E-05
3.39E+03							-1.68E-05
3.40E+03							-2.06E-05
3.40E+03							-1.17E-05
3.41E+03							-2.08E-05
3.42E+03							-1.37E-05
3.42E+03							-1.37E-05
3.43E+03							-2.08E-05
3.43E+03							-1.64E-05
3.44E+03							-1.64E-05
3.44E+03							-1.35E-05
3.45E+03							-1.32E-05
3.45E+03							-2.10E-05
3.46E+03							-1.43E-05
3.46E+03							-1.58E-05
3.47E+03							-1.78E-05
3.47E+03							-1.43E-05
3.48E+03							-1.66E-05
3.48E+03							-1.64E-05
3.49E+03							-1.76E-05
3.50E+03							-1.48E-05
3.50E+03							-1.58E-05
3.51E+03							-1.43E-05
3.51E+03							-1.80E-05
3.52E+03							-1.50E-05
3.52E+03							-1.78E-05
3.53E+03							-1.70E-05
3.53E+03							-1.66E-05
3.54E+03							-1.43E-05
3.54E+03							-1.43E-05
3.55E+03							-1.72E-05
3.55E+03							-1.76E-05
3.56E+03							-1.45E-05
3.57E+03							-1.72E-05
3.57E+03							-1.47E-05
3.58E+03							-1.74E-05
3.58E+03							-1.68E-05
3.59E+03							-1.84E-05
3.59E+03							-1.15E-05
3.60E+03							-1.43E-05
3.60E+03							-1.92E-05
3.61E+03							-1.66E-05
3.62E+03							-1.65E-05
3.62E+03							-1.94E-05
3.63E+03							-1.48E-05
3.63E+03							-1.82E-05
3.64E+03							-1.60E-05
3.64E+03							-1.74E-05
3.65E+03							-1.90E-05
3.65E+03							-1.23E-05
3.66E+03							-1.76E-05
3.66E+03							-1.78E-05
3.67E+03							-1.72E-05
3.67E+03							-2.00E-05
3.68E+03							-1.42E-05
3.68E+03							-1.34E-05
3.69E+03							-1.88E-05
