0.00E+00							0.00E+00
6.00E+00							-0.00E+00
1.10E+01							-0.00E+00
1.60E+01							-0.00E+00
2.10E+01							-0.00E+00
2.70E+01							-0.00E+00
3.20E+01							-0.00E+00
3.70E+01							-0.00E+00
4.20E+01							-0.00E+00
4.80E+01							-0.00E+00
5.30E+01							-0.00E+00
5.80E+01							-0.00E+00
6.40E+01							-0.00E+00
6.90E+01							-0.00E+00
7.40E+01							-0.00E+00
7.90E+01							-0.00E+00
8.50E+01							-0.00E+00
9.00E+01							-0.00E+00
9.60E+01							-0.00E+00
1.02E+02							-0.00E+00
1.07E+02							-0.00E+00
1.12E+02							-0.00E+00
1.17E+02							-0.00E+00
1.22E+02							-0.00E+00
1.27E+02							-0.00E+00
1.33E+02							-0.00E+00
1.38E+02							-0.00E+00
1.44E+02							-0.00E+00
1.49E+02							-0.00E+00
1.55E+02							-0.00E+00
1.60E+02							-0.00E+00
1.65E+02							-0.00E+00
1.71E+02							-0.00E+00
1.77E+02							-0.00E+00
1.82E+02							-0.00E+00
1.87E+02							-0.00E+00
1.92E+02							-0.00E+00
1.98E+02							-0.00E+00
2.03E+02							-0.00E+00
2.08E+02							-1.84E-06
2.13E+02							-3.36E-06
2.18E+02							-2.84E-06
2.24E+02							-1.60E-06
2.29E+02							-4.44E-06
2.34E+02							-3.88E-06
2.39E+02							-3.08E-06
2.45E+02							-3.23E-06
2.50E+02							-5.52E-06
2.55E+02							-4.08E-06
2.61E+02							-4.57E-06
2.66E+02							-4.76E-06
2.71E+02							-5.16E-06
2.77E+02							-3.37E-06
2.82E+02							-6.08E-06
2.87E+02							-6.00E-06
2.93E+02							-5.60E-06
2.98E+02							-6.64E-06
3.04E+02							-5.27E-06
3.09E+02							-6.24E-06
3.14E+02							-5.24E-06
3.20E+02							-5.87E-06
3.25E+02							-7.52E-06
3.30E+02							-4.72E-06
3.35E+02							-7.40E-06
3.41E+02							-5.97E-06
3.47E+02							-5.87E-06
3.52E+02							-7.92E-06
3.57E+02							-6.68E-06
3.62E+02							-7.72E-06
3.67E+02							-8.92E-06
3.73E+02							-3.80E-06
3.78E+02							-9.44E-06
3.84E+02							-5.43E-06
3.90E+02							-4.93E-06
3.95E+02							-8.12E-06
4.00E+02							-7.24E-06
4.06E+02							-6.07E-06
4.11E+02							-7.52E-06
4.16E+02							-5.92E-06
4.21E+02							-8.68E-06
4.27E+02							-6.80E-06
4.32E+02							-6.44E-06
4.37E+02							-7.28E-06
4.42E+02							-7.48E-06
4.48E+02							-7.27E-06
4.53E+02							-7.04E-06
4.58E+02							-7.64E-06
4.63E+02							-8.64E-06
4.69E+02							-5.43E-06
4.74E+02							-7.84E-06
4.79E+02							-1.03E-05
4.84E+02							-6.44E-06
4.90E+02							-7.00E-06
4.96E+02							-7.17E-06
5.01E+02							-9.36E-06
5.06E+02							-7.20E-06
5.11E+02							-8.08E-06
5.16E+02							-8.20E-06
5.21E+02							-8.88E-06
5.27E+02							-6.70E-06
5.32E+02							-8.52E-06
5.37E+02							-9.28E-06
5.43E+02							-6.83E-06
5.48E+02							-9.20E-06
5.53E+02							-8.88E-06
5.59E+02							-8.50E-06
5.64E+02							-8.88E-06
5.70E+02							-7.10E-06
5.75E+02							-8.12E-06
5.80E+02							-8.52E-06
5.86E+02							-8.33E-06
5.91E+02							-9.96E-06
5.96E+02							-8.64E-06
6.02E+02							-6.97E-06
6.07E+02							-8.36E-06
6.13E+02							-8.00E-06
6.18E+02							-8.20E-06
6.23E+02							-1.18E-05
6.28E+02							-1.83E-05
6.34E+02							-4.67E-06
6.40E+02							-5.53E-06
6.45E+02							-8.52E-06
6.50E+02							-6.96E-06
6.55E+02							-7.52E-06
6.61E+02							-6.23E-06
6.66E+02							-8.40E-06
6.72E+02							-7.13E-06
6.77E+02							-1.19E-05
6.82E+02							-9.68E-06
6.87E+02							-1.04E-05
6.93E+02							-9.43E-06
6.98E+02							-1.02E-05
7.04E+02							-8.53E-06
7.09E+02							-1.10E-05
7.16E+02							-8.40E-06
7.21E+02							-1.40E-05
7.26E+02							-1.76E-05
7.31E+02							-1.07E-05
7.37E+02							-7.83E-06
7.42E+02							-1.20E-05
7.47E+02							-8.08E-06
7.52E+02							-8.72E-06
7.58E+02							-6.73E-06
7.63E+02							-9.08E-06
7.68E+02							-9.60E-06
7.74E+02							-8.47E-06
7.79E+02							-9.92E-06
7.85E+02							-7.43E-06
7.91E+02							-8.23E-06
7.96E+02							-1.19E-05
8.02E+02							-7.57E-06
8.07E+02							-9.84E-06
8.12E+02							-9.60E-06
8.18E+02							-8.07E-06
8.23E+02							-9.96E-06
8.28E+02							-9.20E-06
8.34E+02							-8.37E-06
8.39E+02							-9.44E-06
8.45E+02							-9.13E-06
8.50E+02							-1.35E-05
8.55E+02							-8.64E-06
8.61E+02							-7.93E-06
8.66E+02							-1.07E-05
8.71E+02							-8.92E-06
8.76E+02							-9.28E-06
8.82E+02							-8.27E-06
8.87E+02							-1.20E-05
8.93E+02							-9.63E-06
8.99E+02							-9.57E-06
9.04E+02							-1.24E-05
9.09E+02							-1.08E-05
9.14E+02							-1.00E-05
9.20E+02							-9.13E-06
9.25E+02							-1.10E-05
9.30E+02							-1.13E-05
9.36E+02							-9.57E-06
9.41E+02							-1.51E-05
9.46E+02							-1.09E-05
9.52E+02							-7.57E-06
9.57E+02							-1.34E-05
9.62E+02							-1.36E-05
9.68E+02							-1.12E-05
9.73E+02							-1.18E-05
9.78E+02							-1.30E-05
9.83E+02							-1.51E-05
9.89E+02							-1.05E-05
9.94E+02							-1.04E-05
9.99E+02							-1.10E-05
1.00E+03							-1.05E-05
1.01E+03							-9.07E-06
1.02E+03							-9.56E-06
1.02E+03							-1.18E-05
1.03E+03							-1.04E-05
1.03E+03							-1.15E-05
1.04E+03							-1.19E-05
1.04E+03							-1.02E-05
1.05E+03							-1.26E-05
1.05E+03							-1.34E-05
1.06E+03							-1.10E-05
1.06E+03							-9.43E-06
1.07E+03							-1.10E-05
1.07E+03							-1.19E-05
1.08E+03							-1.05E-05
1.08E+03							-9.80E-06
1.09E+03							-1.13E-05
1.09E+03							-1.24E-05
1.10E+03							-9.00E-06
1.11E+03							-1.08E-05
1.11E+03							-1.11E-05
1.12E+03							-8.34E-06
1.12E+03							-1.22E-05
1.13E+03							-1.12E-05
1.13E+03							-9.23E-06
1.14E+03							-1.04E-05
1.14E+03							-1.10E-05
1.15E+03							-1.18E-05
1.15E+03							-1.39E-05
1.16E+03							-9.87E-06
1.17E+03							-1.00E-05
1.17E+03							-1.12E-05
1.18E+03							-1.32E-05
1.18E+03							-1.18E-05
1.19E+03							-1.32E-05
1.19E+03							-1.53E-05
1.20E+03							-1.01E-05
1.20E+03							-1.23E-05
1.21E+03							-1.16E-05
1.21E+03							-1.29E-05
1.22E+03							-1.04E-05
1.22E+03							-1.53E-05
1.23E+03							-1.09E-05
1.24E+03							-1.20E-05
1.24E+03							-1.32E-05
1.25E+03							-1.32E-05
1.25E+03							-1.32E-05
1.26E+03							-1.10E-05
1.26E+03							-1.19E-05
1.27E+03							-1.25E-05
1.27E+03							-1.04E-05
1.28E+03							-1.04E-05
1.28E+03							-1.31E-05
1.29E+03							-1.09E-05
1.29E+03							-9.30E-06
1.30E+03							-1.11E-05
1.31E+03							-8.63E-06
1.31E+03							-1.16E-05
1.32E+03							-1.00E-05
1.32E+03							-1.44E-05
1.33E+03							-1.13E-05
1.33E+03							-1.19E-05
1.34E+03							-1.09E-05
1.34E+03							-1.34E-05
1.35E+03							-9.50E-06
1.36E+03							-1.34E-05
1.36E+03							-9.20E-06
1.37E+03							-1.26E-05
1.37E+03							-9.40E-06
1.38E+03							-1.15E-05
1.38E+03							-1.06E-05
1.39E+03							-1.21E-05
1.40E+03							-1.42E-05
1.40E+03							-1.32E-05
1.41E+03							-1.13E-05
1.41E+03							-1.24E-05
1.42E+03							-1.33E-05
1.42E+03							-1.32E-05
1.43E+03							-1.38E-05
1.43E+03							-9.63E-06
1.44E+03							-1.43E-05
1.44E+03							-1.36E-05
1.45E+03							-1.04E-05
1.46E+03							-1.19E-05
1.46E+03							-1.20E-05
1.47E+03							-1.34E-05
1.47E+03							-1.17E-05
1.48E+03							-1.27E-05
1.48E+03							-1.10E-05
1.49E+03							-1.08E-05
1.50E+03							-1.38E-05
1.50E+03							-1.20E-05
1.51E+03							-1.05E-05
1.51E+03							-1.21E-05
1.52E+03							-1.00E-05
1.52E+03							-1.16E-05
1.53E+03							-1.15E-05
1.54E+03							-1.25E-05
1.54E+03							-1.02E-05
1.55E+03							-1.55E-05
1.55E+03							-1.28E-05
1.56E+03							-1.64E-05
1.56E+03							-1.62E-05
1.57E+03							-1.37E-05
1.57E+03							-1.42E-05
1.58E+03							-1.28E-05
1.59E+03							-1.29E-05
1.59E+03							-1.52E-05
1.60E+03							-1.19E-05
1.60E+03							-1.44E-05
1.61E+03							-1.58E-05
1.61E+03							-1.12E-05
1.62E+03							-1.35E-05
1.62E+03							-1.19E-05
1.63E+03							-1.30E-05
1.64E+03							-1.07E-05
1.64E+03							-1.07E-05
1.65E+03							-1.22E-05
1.65E+03							-1.24E-05
1.66E+03							-1.17E-05
1.66E+03							-1.05E-05
1.67E+03							-1.27E-05
1.67E+03							-1.09E-05
1.68E+03							-1.08E-05
1.68E+03							-1.69E-05
1.69E+03							-9.32E-06
1.69E+03							-1.07E-05
1.70E+03							-1.36E-05
1.70E+03							-1.34E-05
1.71E+03							-1.08E-05
1.72E+03							-1.24E-05
1.72E+03							-8.80E-06
1.73E+03							-1.53E-05
1.73E+03							-1.25E-05
1.74E+03							-1.05E-05
1.74E+03							-1.10E-05
1.75E+03							-1.17E-05
1.75E+03							-1.20E-05
1.76E+03							-1.01E-05
1.76E+03							-1.43E-05
1.77E+03							-1.09E-05
1.77E+03							-1.20E-05
1.78E+03							-1.01E-05
1.79E+03							-1.43E-05
1.79E+03							-1.13E-05
1.80E+03							-1.71E-05
1.80E+03							-1.03E-05
1.81E+03							-1.50E-05
1.81E+03							-1.27E-05
1.82E+03							-1.45E-05
1.82E+03							-1.05E-05
1.83E+03							-1.25E-05
1.83E+03							-1.36E-05
1.84E+03							-1.24E-05
1.85E+03							-1.05E-05
1.85E+03							-1.32E-05
1.86E+03							-1.33E-05
1.86E+03							-1.27E-05
1.87E+03							-1.29E-05
1.87E+03							-1.65E-05
1.88E+03							-1.44E-05
1.88E+03							-1.12E-05
1.89E+03							-1.51E-05
1.89E+03							-1.32E-05
1.90E+03							-1.15E-05
1.90E+03							-1.38E-05
1.91E+03							-1.30E-05
1.91E+03							-1.47E-05
1.92E+03							-1.26E-05
1.93E+03							-1.08E-05
1.93E+03							-1.37E-05
1.94E+03							-1.32E-05
1.94E+03							-1.07E-05
1.95E+03							-1.31E-05
1.95E+03							-1.28E-05
1.96E+03							-1.00E-05
1.96E+03							-1.31E-05
1.97E+03							-1.26E-05
1.97E+03							-1.50E-05
1.98E+03							-1.56E-05
1.98E+03							-1.15E-05
1.99E+03							-1.30E-05
1.99E+03							-1.76E-05
2.00E+03							-1.15E-05
2.01E+03							-1.37E-05
2.01E+03							-1.14E-05
2.02E+03							-1.51E-05
2.02E+03							-1.31E-05
2.03E+03							-1.15E-05
2.03E+03							-1.65E-05
2.04E+03							-1.28E-05
2.04E+03							-1.17E-05
2.05E+03							-1.36E-05
2.05E+03							-1.13E-05
2.06E+03							-1.36E-05
2.07E+03							-1.27E-05
2.07E+03							-1.42E-05
2.08E+03							-1.41E-05
2.08E+03							-1.38E-05
2.09E+03							-1.14E-05
2.09E+03							-1.42E-05
2.10E+03							-1.51E-05
2.10E+03							-1.19E-05
2.11E+03							-1.23E-05
2.11E+03							-1.57E-05
2.12E+03							-1.40E-05
2.12E+03							-9.13E-06
2.13E+03							-1.22E-05
2.14E+03							-1.60E-05
2.14E+03							-1.23E-05
2.15E+03							-1.46E-05
2.15E+03							-1.20E-05
2.16E+03							-1.31E-05
2.16E+03							-1.23E-05
2.17E+03							-1.53E-05
2.17E+03							-1.36E-05
2.18E+03							-1.20E-05
2.18E+03							-1.42E-05
2.19E+03							-1.26E-05
2.19E+03							-1.48E-05
2.20E+03							-1.15E-05
2.21E+03							-1.47E-05
2.21E+03							-1.39E-05
2.22E+03							-1.34E-05
2.22E+03							-1.13E-05
2.23E+03							-1.37E-05
2.23E+03							-1.38E-05
2.24E+03							-1.28E-05
2.24E+03							-1.20E-05
2.25E+03							-1.35E-05
2.25E+03							-1.23E-05
2.26E+03							-1.24E-05
2.26E+03							-1.33E-05
2.27E+03							-1.15E-05
2.28E+03							-1.42E-05
2.28E+03							-1.12E-05
2.29E+03							-1.36E-05
2.29E+03							-1.16E-05
2.30E+03							-1.46E-05
2.30E+03							-1.27E-05
2.31E+03							-1.12E-05
2.31E+03							-1.24E-05
2.32E+03							-1.32E-05
2.32E+03							-1.39E-05
2.33E+03							-1.28E-05
2.33E+03							-1.24E-05
2.34E+03							-1.46E-05
2.34E+03							-1.48E-05
2.35E+03							-1.44E-05
2.36E+03							-1.40E-05
2.36E+03							-1.41E-05
2.37E+03							-1.30E-05
2.37E+03							-1.08E-05
2.38E+03							-1.34E-05
2.38E+03							-1.28E-05
2.39E+03							-1.42E-05
2.39E+03							-1.20E-05
2.40E+03							-1.07E-05
2.40E+03							-1.23E-05
2.41E+03							-1.25E-05
2.41E+03							-1.73E-05
2.42E+03							-7.23E-06
2.42E+03							-1.34E-05
2.43E+03							-1.14E-05
2.43E+03							-1.30E-05
2.44E+03							-1.14E-05
2.44E+03							-1.14E-05
2.45E+03							-1.23E-05
2.46E+03							-1.09E-05
2.46E+03							-1.24E-05
2.47E+03							-1.28E-05
2.47E+03							-1.29E-05
2.48E+03							-1.48E-05
2.48E+03							-1.33E-05
2.49E+03							-1.17E-05
2.49E+03							-1.35E-05
2.50E+03							-1.40E-05
2.50E+03							-1.28E-05
2.51E+03							-1.07E-05
2.51E+03							-1.28E-05
2.52E+03							-1.19E-05
2.53E+03							-1.47E-05
2.53E+03							-1.30E-05
2.54E+03							-1.29E-05
2.54E+03							-1.41E-05
2.55E+03							-1.08E-05
2.55E+03							-1.21E-05
2.56E+03							-1.32E-05
2.56E+03							-1.31E-05
2.57E+03							-1.28E-05
2.57E+03							-1.01E-05
2.58E+03							-1.15E-05
2.58E+03							-9.32E-06
2.59E+03							-1.32E-05
2.59E+03							-1.23E-05
2.60E+03							-1.04E-05
2.60E+03							-1.42E-05
2.61E+03							-1.33E-05
2.61E+03							-1.34E-05
2.62E+03							-1.10E-05
2.63E+03							-1.27E-05
2.63E+03							-1.42E-05
2.64E+03							-1.15E-05
2.64E+03							-1.47E-05
2.65E+03							-1.55E-05
2.65E+03							-1.71E-05
2.66E+03							-1.17E-05
2.66E+03							-1.38E-05
2.67E+03							-1.49E-05
2.67E+03							-1.13E-05
2.68E+03							-1.22E-05
2.68E+03							-1.48E-05
2.69E+03							-1.37E-05
2.69E+03							-1.38E-05
2.70E+03							-1.43E-05
2.71E+03							-1.24E-05
2.71E+03							-1.29E-05
2.72E+03							-1.24E-05
2.72E+03							-1.71E-05
2.73E+03							-9.70E-06
2.73E+03							-1.28E-05
2.74E+03							-1.48E-05
2.74E+03							-1.56E-05
2.75E+03							-1.30E-05
2.75E+03							-1.56E-05
2.76E+03							-1.56E-05
2.76E+03							-1.56E-05
2.77E+03							-1.20E-05
2.77E+03							-1.46E-05
2.78E+03							-1.48E-05
2.78E+03							-1.39E-05
2.79E+03							-1.14E-05
2.79E+03							-1.49E-05
2.80E+03							-1.41E-05
2.81E+03							-1.16E-05
2.81E+03							-1.46E-05
2.82E+03							-1.38E-05
2.82E+03							-1.26E-05
2.83E+03							-1.61E-05
2.83E+03							-1.55E-05
2.84E+03							-1.20E-05
2.84E+03							-1.62E-05
2.85E+03							-1.23E-05
2.85E+03							-1.58E-05
2.86E+03							-1.48E-05
2.87E+03							-1.28E-05
2.87E+03							-1.49E-05
2.88E+03							-1.50E-05
2.88E+03							-1.46E-05
2.89E+03							-1.45E-05
2.89E+03							-1.16E-05
2.90E+03							-1.48E-05
2.90E+03							-1.26E-05
2.91E+03							-1.35E-05
2.91E+03							-1.58E-05
2.92E+03							-1.36E-05
2.93E+03							-1.12E-05
2.93E+03							-1.46E-05
2.94E+03							-1.07E-05
2.94E+03							-1.40E-05
2.95E+03							-1.69E-05
2.95E+03							-1.34E-05
2.96E+03							-1.39E-05
2.97E+03							-1.36E-05
2.97E+03							-1.26E-05
2.98E+03							-1.62E-05
2.98E+03							-1.21E-05
2.99E+03							-1.64E-05
2.99E+03							-1.63E-05
3.00E+03							-1.43E-05
3.01E+03							-1.30E-05
3.01E+03							-1.72E-05
3.02E+03							-1.40E-05
3.02E+03							-1.49E-05
3.03E+03							-1.19E-05
3.03E+03							-1.20E-05
3.04E+03							-1.75E-05
3.04E+03							-1.53E-05
3.05E+03							-1.25E-05
3.06E+03							-1.25E-05
3.06E+03							-1.49E-05
3.07E+03							-1.61E-05
3.07E+03							-1.47E-05
3.08E+03							-1.60E-05
3.08E+03							-1.27E-05
3.09E+03							-1.49E-05
3.10E+03							-1.31E-05
3.10E+03							-1.45E-05
3.11E+03							-1.25E-05
3.11E+03							-1.74E-05
3.12E+03							-1.20E-05
3.12E+03							-1.52E-05
3.13E+03							-1.09E-05
3.13E+03							-1.70E-05
3.14E+03							-1.14E-05
3.14E+03							-1.60E-05
3.15E+03							-1.29E-05
3.16E+03							-1.54E-05
3.16E+03							-1.58E-05
3.17E+03							-1.38E-05
3.17E+03							-1.40E-05
3.18E+03							-1.44E-05
3.18E+03							-1.20E-05
3.19E+03							-1.51E-05
3.19E+03							-1.46E-05
3.20E+03							-1.27E-05
3.20E+03							-1.59E-05
3.21E+03							-1.50E-05
3.21E+03							-1.49E-05
3.22E+03							-1.29E-05
3.22E+03							-1.50E-05
3.23E+03							-1.52E-05
3.24E+03							-1.18E-05
3.24E+03							-1.56E-05
3.25E+03							-1.42E-05
3.25E+03							-1.24E-05
3.26E+03							-1.47E-05
3.26E+03							-1.24E-05
3.27E+03							-1.49E-05
3.27E+03							-1.49E-05
3.28E+03							-1.28E-05
3.28E+03							-1.45E-05
3.29E+03							-1.52E-05
3.29E+03							-1.36E-05
3.30E+03							-1.59E-05
3.31E+03							-1.33E-05
3.31E+03							-1.62E-05
3.32E+03							-1.28E-05
3.32E+03							-1.66E-05
3.33E+03							-1.31E-05
3.33E+03							-1.53E-05
3.34E+03							-1.58E-05
3.34E+03							-1.48E-05
3.35E+03							-1.31E-05
3.35E+03							-1.56E-05
3.36E+03							-1.53E-05
3.36E+03							-1.28E-05
3.37E+03							-1.60E-05
3.37E+03							-1.56E-05
3.38E+03							-1.46E-05
3.39E+03							-1.23E-05
3.39E+03							-1.51E-05
3.40E+03							-1.48E-05
3.40E+03							-1.25E-05
3.41E+03							-1.50E-05
3.41E+03							-1.49E-05
3.42E+03							-1.32E-05
3.42E+03							-1.67E-05
3.43E+03							-1.62E-05
3.43E+03							-1.29E-05
3.44E+03							-1.52E-05
3.44E+03							-1.53E-05
3.45E+03							-1.41E-05
3.45E+03							-1.73E-05
3.46E+03							-1.55E-05
3.47E+03							-1.34E-05
3.47E+03							-1.67E-05
3.48E+03							-1.54E-05
3.48E+03							-1.58E-05
3.49E+03							-1.31E-05
3.49E+03							-1.74E-05
3.50E+03							-1.55E-05
3.50E+03							-1.23E-05
3.51E+03							-1.26E-05
3.51E+03							-1.49E-05
3.52E+03							-1.47E-05
3.52E+03							-1.43E-05
3.53E+03							-1.29E-05
3.54E+03							-1.44E-05
3.54E+03							-1.26E-05
3.55E+03							-1.42E-05
3.55E+03							-1.20E-05
3.56E+03							-1.59E-05
3.56E+03							-1.56E-05
3.57E+03							-1.64E-05
3.57E+03							-1.47E-05
3.58E+03							-1.23E-05
3.58E+03							-1.48E-05
3.59E+03							-1.51E-05
3.59E+03							-1.43E-05
3.60E+03							-1.29E-05
3.60E+03							-1.43E-05
3.61E+03							-1.50E-05
3.61E+03							-1.42E-05
3.62E+03							-1.57E-05
3.63E+03							-1.29E-05
3.63E+03							-1.52E-05
3.64E+03							-1.52E-05
3.64E+03							-1.52E-05
3.65E+03							-1.52E-05
3.65E+03							-1.30E-05
3.66E+03							-1.52E-05
3.66E+03							-1.58E-05
3.67E+03							-1.35E-05
3.67E+03							-1.54E-05
3.68E+03							-1.60E-05
3.68E+03							-1.60E-05
3.69E+03							-1.24E-05
3.69E+03							-1.55E-05
3.70E+03							-1.49E-05
3.70E+03							-1.28E-05
3.71E+03							-1.47E-05
3.72E+03							-1.49E-05
3.72E+03							-1.54E-05
3.73E+03							-1.54E-05
3.73E+03							-1.30E-05
3.74E+03							-1.51E-05
3.74E+03							-1.57E-05
3.75E+03							-1.27E-05
3.75E+03							-1.58E-05
